"Status","Start Time","Stop Time","Duration in ms","Parent Suite","Suite","Sub Suite","Test Class","Test Method","Name","Description"
"passed","Sat Apr 13 00:27:33 GMT 2024","Sat Apr 13 00:29:37 GMT 2024","123761","","","","","","Creating a new facility in desktop app",""
